100076210416715 | 7851853
100027804526171 | 4400382
100043022521922 | 9030973
100058158199800 | 8021357
100033385576709 | 5234974
100070726778197 | 8629517
100024294841308 | 3409366
100037773668962 | 7199729
100081199092056 | 4019616
100071103554726 | 8677775
100047765707438 | 2653315
100069906919723 | 2208051
100052009475621 | 7192260
100046459130500 | 5186713
100079806814559 | 6874594
100075144500381 | 3372485
100053376681304 | 4954353
100026917502089 | 4063794
100023121649129 | 6787714
100050102384594 | 0298109
100068731560587 | 1794403
100043687594082 | 5305324
100034221983773 | 5748700
100048770235364 | 5529216
100034740390724 | 9183740
100055912895155 | 2984085
100081577939534 | 1380851
100077937181940 | 7639086
100046658153708 | 6128540
100080445482455 | 7672387
100080491038497 | 1524114
100014290268643 | 4822817
100027775516480 | 4783226
100079127342721 | 0114834
100058919186327 | 0650763
100045074023267 | 3873928
100040238433941 | 8562836
100082836223177 | 9623709
100075593155511 | 0981123
100058229315282 | 0150212
100075439128168 | 4104654
100079086607993 | 6522136
100075528057816 | 0087380
100027980088750 | 9047718
100079550986000 | 7910449
100027573733113 | 7143471
100069805585343 | 1044929
100039218414853 | 2121395
100079037077028 | 7859658
100077229612036 | 8262215
100069454181690 | 0626864
100080066568231 | 7180786
100057045103004 | 7977597
100028691168247 | 8775585
100039978183722 | 7262571
100005872445019 | 3006829
100028158701945 | 7471046
100048290656636 | 0788300
100076835178127 | 5526656
100033623703378 | 6205122
100047374447482 | 0564840
100039977632147 | 9537316
100047009415930 | 4616469
100081810012385 | 2708980
